*This is split1.txt.
*
"SAI THIS IS MY FIRST DICK TO YOU AND I HOPE YOU LIKE IT
I hope you enjoy this bitch as she is my first"

01001001 00100000 01101100 01101111 01110110 01100101 00100000 01111001 01101111 01110101 00100000 01100010 01100001 01100010 01111001
01001001 00100000 01101100 01101111 01110110 01100101 00100000 01111001 01101111 01110101 00100000 01100010 01100001 01100010 01111001
01001001 00100000 01101100 01101111 01110110 01100101 00100000 01111001 01101111 01110101 00100000 01100010 01100001 01100010 01111001
01001001 00100000 01101100 01101111 01110110 01100101 00100000 01111001 01101111 01110101 00100000 01100010 01100001 01100010 01111001
01001001 00100000 01101100 01101111 01110110 01100101 00100000 01111001 01101111 01110101 00100000 01100010 01100001 01100010 01111001
01001001 00100000 01101100 01101111 01110110 01100101 00100000 01111001 01101111 01110101 00100000 01100010 01100001 01100010 01111001
01001001 00100000 01101100 01101111 01110110 01100101 00100000 01111001 01101111 01110101 00100000 01100010 01100001 01100010 01111001
01001001 00100000 01101100 01101111 01110110 01100101 00100000 01111001 01101111 01110101 00100000 01100010 01100001 01100010 01111001
01001001 00100000 01101100 01101111 01110110 01100101 00100000 01111001 01101111 01110101 00100000 01100010 01100001 01100010 01111001
01001001 00100000 01101100 01101111 01110110 01100101 00100000 01111001 01101111 01110101 00100000 01100010 01100001 01100010 01111001
01001001 00100000 01101100 01101111 01110110 01100101 00100000 01111001 01101111 01110101 00100000 01100010 01100001 01100010 01111001
01001001 00100000 01101100 01101111 01110110 01100101 00100000 01111001 01101111 01110101 00100000 01100010 01100001 01100010 01111001
01001001 00100000 01101100 01101111 01110110 01100101 00100000 01111001 01101111 01110101 00100000 01100010 01100001 01100010 01111001
01001001 00100000 01101100 01101111 01110110 01100101 00100000 01111001 01101111 01110101 00100000 01100010 01100001 01100010 01111001
01001001 00100000 01101100 01101111 01110110 01100101 00100000 01111001 01101111 01110101 00100000 01100010 01100001 01100010 01111001
01001001 00100000 01101100 01101111 01110110 01100101 00100000 01111001 01101111 01110101 00100000 01100010 01100001 01100010 01111001
01001001 00100000 01101100 01101111 01110110 01100101 00100000 01111001 01101111 01110101 00100000 01100010 01100001 01100010 01111001

This is split2.txt.
*This is Sai Testing his second vibrator.
les
fd
fdsa
this is end of second sai jerk off challenge!!!!!
***

This is split3.txt.
*This is Manoj and Varun having their
!!!THIRD!!!!
!BABY! - and she is hot

